place(3.151, 1.000, -2.747, "Shotgunner", 500)
place(7.624, 1.000, 10.088, "Militant", 700)
upgrade(7.624, 2.350, 10.088, 500)
upgrade(7.624, 2.350, 10.088, 1621)
place(2.606, 1.000, 2.902, "Shotgunner", 1461)
upgrade(2.606, 2.350, 2.902, 671)
SetTarget(2.606, 2.350, 2.902, "Random")
SetTarget(2.606, 2.350, 2.902, "Farthest")
upgrade(2.606, 2.350, 2.902, 3114)
place(-2.782, 1.000, 2.919, "Shotgunner", 1934)
SetTarget(-2.782, 2.350, 2.919, "Random")
SetTarget(-2.782, 2.350, 2.919, "Farthest")
upgrade(-2.782, 2.350, 2.919, 1144)
upgrade(-2.782, 2.350, 2.919, 2166)
place(2.658, 1.000, -2.775, "Shotgunner", 1047)
SetTarget(2.658, 2.350, -2.775, "Random")
SetTarget(2.658, 2.350, -2.775, "Farthest")
upgrade(2.658, 2.350, -2.775, 1687)
upgrade(2.658, 2.350, -2.775, 1397)
place(-2.504, 1.000, -2.630, "Shotgunner", 3120)
upgrade(-2.504, 2.350, -2.630, 2335)
upgrade(-2.504, 2.350, -2.630, 2035)
SetTarget(-2.504, 2.350, -2.630, "Random")
SetTarget(-2.504, 2.350, -2.630, "Farthest")
place(10.641, 1.000, 9.301, "Militant", 2865)
upgrade(10.641, 2.350, 9.301, 2265)
upgrade(10.641, 2.350, 9.301, 2115)
place(4.597, 1.000, 8.550, "Militant", 1515)
upgrade(4.597, 2.350, 8.550, 915)
upgrade(4.597, 2.350, 8.550, 1275)
upgrade(2.606, 2.350, 2.902, 4958)
upgrade(-2.782, 2.350, 2.919, 4947)
upgrade(2.658, 2.350, -2.775, 5360)
place(7.868, 1.000, 6.986, "Militant", 2599)
upgrade(7.868, 2.350, 6.986, 1999)
upgrade(7.868, 2.350, 6.986, 1849)
place(8.308, 1.000, 13.067, "Militant", 829)
upgrade(8.308, 2.350, 13.067, 239)
upgrade(8.308, 2.350, 13.067, 2669)
place(13.632, 1.000, 9.683, "Militant", 13316)
upgrade(13.632, 2.350, 9.683, 13112)
upgrade(13.632, 2.350, 9.683, 12962)
upgrade(13.632, 2.350, 9.683, 11912)
upgrade(10.641, 2.350, 9.301, 8787)
upgrade(7.624, 2.350, 10.088, 5017)
upgrade(8.308, 2.350, 13.067, 3358)
upgrade(4.597, 2.350, 8.550, 6394)
upgrade(-2.504, 2.350, -2.630, 4719)
place(10.893, 1.000, 6.140, "Militant", 3813)
upgrade(10.893, 2.350, 6.140, 3713)
upgrade(10.893, 2.350, 6.140, 3563)
upgrade(10.893, 2.350, 6.140, 4563)
upgrade(2.658, 2.350, -2.775, 9651)
upgrade(2.606, 2.350, 2.902, 11684)
upgrade(7.624, 2.350, 10.088, 7147)
upgrade(4.597, 2.350, 8.550, 10802)
upgrade(7.868, 2.350, 6.986, 5052)
upgrade(13.632, 2.350, 9.683, 5993)
upgrade(10.893, 2.350, 6.140, 12463)
upgrade(-2.504, 2.350, -2.630, 10057)
upgrade(-2.782, 2.350, 2.919, 12407)
upgrade(7.868, 2.350, 6.986, 15893)
upgrade(10.641, 2.350, 9.301, 10143)
place(11.255, 1.000, 12.355, "Militant", 5593)
upgrade(11.255, 2.350, 12.355, 5143)
upgrade(11.255, 2.350, 12.355, 4994)
upgrade(11.255, 2.350, 12.355, 3975)
upgrade(11.255, 2.350, 12.355, 5943)
upgrade(8.308, 2.350, 13.067, 11840)
place(5.331, 1.000, 12.666, "Militant", 11889)
upgrade(5.331, 2.350, 12.666, 11776)
upgrade(5.331, 2.350, 12.666, 11641)
upgrade(5.331, 2.350, 12.666, 10610)
upgrade(5.331, 2.350, 12.666, 7496)
place(5.120, 1.000, 5.452, "Militant", 4908)
upgrade(5.120, 2.350, 5.452, 4906)
upgrade(5.120, 2.350, 5.452, 4757)
upgrade(5.120, 2.350, 5.452, 3713)
upgrade(5.120, 2.350, 5.452, 11812)
place(-3.054, 1.000, 4.905, "Shotgunner", 7187)
upgrade(-3.054, 2.350, 4.905, 7412)
upgrade(-3.054, 2.350, 4.905, 7112)
upgrade(-3.054, 2.350, 4.905, 5919)
SetTarget(-3.054, 2.350, 4.905, "Random")
SetTarget(-3.054, 2.350, 4.905, "Farthest")
place(-3.165, 1.000, -4.539, "Shotgunner", 7022)
upgrade(-3.165, 2.350, -4.539, 6675)
upgrade(-3.165, 2.350, -4.539, 6432)
upgrade(-3.165, 2.350, -4.539, 5232)
SetTarget(-3.165, 2.350, -4.539, "Random")
SetTarget(-3.165, 2.350, -4.539, "Farthest")
place(3.193, 1.000, -4.921, "Shotgunner", 14181)
upgrade(3.193, 2.350, -4.921, 13437)
upgrade(3.193, 2.350, -4.921, 13231)
upgrade(3.193, 2.350, -4.921, 12031)
SetTarget(3.193, 2.350, -4.921, "Random")
SetTarget(3.193, 2.350, -4.921, "Farthest")
SetTarget(3.193, 2.350, -4.921, "Closest")
SetTarget(3.193, 2.350, -4.921, "Farthest")
upgrade(3.193, 2.350, -4.921, 9681)
upgrade(-3.165, 2.350, -4.539, 21019)
upgrade(-3.054, 2.350, 4.905, 13847)
place(10.438, 1.000, 15.402, "Militant", 7947)
upgrade(10.438, 2.350, 15.402, 7546)
upgrade(10.438, 2.350, 15.402, 7397)
upgrade(10.438, 2.350, 15.402, 6351)
upgrade(10.438, 2.350, 15.402, 6285)
place(8.344, 1.000, 3.959, "Militant", 1685)
upgrade(8.344, 2.350, 3.959, 1371)
upgrade(8.344, 2.350, 3.959, 1585)
place(2.893, 1.000, -17.075, "Militant", 3084)
upgrade(2.893, 2.350, -17.075, 2484)
upgrade(2.893, 2.350, -17.075, 2334)
SetTarget(2.893, 2.350, -17.075, "Last")
SetTarget(2.893, 2.350, -17.075, "Strongest")
place(6.060, 1.000, 15.953, "Militant", 13284)
upgrade(6.060, 2.350, 15.953, 20025)
upgrade(6.060, 2.350, 15.953, 20534)
upgrade(6.060, 2.350, 15.953, 19484)
upgrade(6.060, 2.350, 15.953, 16359)
sell(2.893, 2.350, -17.075)
place(8.210, 1.000, 18.203, "Militant", 13212)
upgrade(8.210, 2.350, 18.203, 18609)
upgrade(8.210, 2.350, 18.203, 18459)
upgrade(8.210, 2.350, 18.203, 17409)
upgrade(8.210, 2.350, 18.203, 14284)
place(14.141, 1.000, 6.671, "Militant", 8534)
upgrade(14.141, 2.350, 6.671, 15879)
upgrade(14.141, 2.350, 6.671, 15784)
upgrade(14.141, 2.350, 6.671, 14734)
upgrade(14.141, 2.350, 6.671, 11609)
place(15.412, 1.000, 12.395, "Militant", 13859)
upgrade(15.412, 2.350, 12.395, 13259)
upgrade(15.412, 2.350, 12.395, 13109)
upgrade(15.412, 2.350, 12.395, 12059)
upgrade(15.412, 2.350, 12.395, 8934)
place(5.152, 1.000, 18.930, "Militant", 11184)
upgrade(5.152, 2.350, 18.930, 10584)
upgrade(5.152, 2.350, 18.930, 10434)
upgrade(5.152, 2.350, 18.930, 9384)
upgrade(5.152, 2.350, 18.930, 6259)
place(16.705, 1.000, 8.481, "Militant", 8509)
upgrade(16.705, 2.350, 8.481, 7909)
upgrade(16.705, 2.350, 8.481, 7759)
upgrade(16.705, 2.350, 8.481, 6709)
place(10.804, 1.000, 19.833, "Militant", 3584)
upgrade(10.804, 2.350, 19.833, 2984)
upgrade(10.804, 2.350, 19.833, 2834)
upgrade(10.804, 2.350, 19.833, 9784)
upgrade(10.804, 2.350, 19.833, 6659)
place(17.390, 1.000, 17.952, "Militant", 8909)
upgrade(17.390, 2.350, 17.952, 8309)
upgrade(17.390, 2.350, 17.952, 8159)
upgrade(17.390, 2.350, 17.952, 7109)
place(18.837, 1.000, 11.747, "Militant", 3984)
upgrade(18.837, 2.350, 11.747, 3384)
upgrade(18.837, 2.350, 11.747, 3234)
upgrade(18.837, 2.350, 11.747, 10184)
