place(6.583, 1.000, 11.287, "Cowboy", 666)
upgrade(6.583, 2.350, 11.287, 228)
place(9.662, 1.000, 11.615, "Cowboy", 451)
upgrade(9.662, 2.350, 11.615, 197)
upgrade(6.583, 2.350, 11.287, 620)
upgrade(9.662, 2.350, 11.615, 452)
place(9.415, 1.000, 14.623, "Cowboy", 633)
upgrade(9.415, 2.350, 14.623, 183)
upgrade(9.415, 2.350, 14.623, 972)
place(6.244, 1.000, 14.358, "Cowboy", 648)
upgrade(6.244, 2.350, 14.358, 363)
upgrade(6.244, 2.350, 14.358, 523)
upgrade(6.583, 2.350, 11.287, 2923)
upgrade(6.244, 2.350, 14.358, 2485)
place(-2.528, 1.000, -2.867, "Warden", 1587)
place(2.643, 1.000, -2.975, "Warden", 917)
place(-2.608, 1.000, 2.529, "Warden", 1496)
place(2.720, 1.000, 2.583, "Warden", 1561)
upgrade(2.720, 2.350, 2.583, 1072)
upgrade(2.643, 2.350, -2.975, 842)
upgrade(-2.528, 2.350, -2.867, 677)
upgrade(-2.608, 2.350, 2.529, 447)
upgrade(2.643, 2.350, -2.975, 2491)
upgrade(-2.528, 2.350, -2.867, 1306)
upgrade(-2.608, 2.350, 2.529, 1406)
upgrade(2.720, 2.350, 2.583, 1398)
place(8.348, 1.000, 8.359, "Minigunner", 2003)
upgrade(8.348, 2.350, 8.359, 463)
upgrade(8.348, 2.350, 8.359, 1622)
upgrade(-2.608, 2.350, 2.529, 4553)
upgrade(-2.528, 2.350, -2.867, 4588)
upgrade(2.643, 2.350, -2.975, 4604)
SetTarget(2.643, 2.350, -2.975, "Last")
place(11.486, 1.000, 8.598, "Minigunner", 4329)
upgrade(11.486, 2.350, 8.598, 2544)
upgrade(11.486, 2.350, 8.598, 2144)
place(10.243, 1.000, 5.728, "Minigunner", 3442)
upgrade(10.243, 2.350, 5.728, 1694)
upgrade(10.243, 2.350, 5.728, 2884)
place(13.358, 1.000, 6.066, "Minigunner", 6007)
upgrade(13.358, 2.350, 6.066, 4158)
upgrade(13.358, 2.350, 6.066, 3768)
place(6.877, 1.000, 5.670, "Commander", 5278)
upgrade(6.877, 2.700, 5.670, 4658)
upgrade(6.877, 2.700, 5.670, 4261)
CommanderAbility(6.877, 2.700, 5.670, 3440)
place(14.346, 1.000, 9.854, "Minigunner", 7608)
upgrade(14.346, 2.350, 9.854, 6388)
upgrade(14.346, 2.350, 9.854, 6004)
upgrade(6.877, 2.700, 5.670, 5939)
place(16.439, 1.000, 7.499, "Minigunner", 5608)
upgrade(16.439, 2.350, 7.499, 4433)
upgrade(16.439, 2.350, 7.499, 4044)
CommanderAbility(6.877, 2.700, 5.670, 3321)
place(7.873, 1.000, 2.733, "Minigunner", 9343)
upgrade(7.873, 2.350, 2.733, 8991)
upgrade(7.873, 2.350, 2.733, 8729)
upgrade(7.873, 2.350, 2.733, 7289)
CommanderAbility(6.877, 2.700, 5.670, 9466)
place(16.669, 1.000, 18.000, "Warden", 13136)
upgrade(16.669, 2.350, 18.000, 12516)
upgrade(16.669, 2.350, 18.000, 12170)
upgrade(16.669, 2.350, 18.000, 10935)
place(3.322, 1.000, 20.113, "Warden", 9542)
upgrade(3.322, 2.350, 20.113, 9802)
upgrade(3.322, 2.350, 20.113, 9456)
upgrade(3.322, 2.350, 20.113, 8215)
place(10.694, 1.000, 20.094, "Warden", 5842)
upgrade(10.694, 2.350, 20.094, 5167)
upgrade(10.694, 2.350, 20.094, 4820)
upgrade(10.694, 2.350, 20.094, 4761)
place(19.154, 1.000, 4.496, "Warden", 480)
place(19.171, 1.000, 4.397, "Warden", 537)
place(19.171, 1.000, 4.397, "Warden", 646)
CommanderAbility(6.877, 2.700, 5.670, 2060)
place(18.881, 1.000, 5.128, "Warden", 2122)
upgrade(18.881, 2.350, 5.128, 3712)
upgrade(18.881, 2.350, 5.128, 3973)
upgrade(18.881, 2.350, 5.128, 2810)
upgrade(18.881, 2.350, 5.128, 6028)
place(-7.775, 1.000, 3.077, "Ace Pilot", 7338)
upgrade(-7.775, 1.000, 3.078, 7413)
upgrade(-7.775, 1.000, 3.078, 7190)
upgrade(-7.775, 1.000, 3.078, 6610)
upgrade(-7.775, 1.000, 3.078, 5069)
