place(6.032, 1.000, 10.906, "Ace Pilot", 600)
upgrade(6.032, 1.000, 10.906, 580)
upgrade(6.032, 1.000, 10.906, 818)
place(9.062, 1.000, 10.909, "Ace Pilot", 1088)
upgrade(9.062, 1.000, 10.909, 588)
upgrade(9.062, 1.000, 10.909, 363)
upgrade(9.062, 1.000, 10.909, 1053)
place(9.058, 1.000, 7.740, "Ace Pilot", 758)
upgrade(9.058, 1.000, 7.741, 372)
upgrade(9.058, 1.000, 7.741, 938)
place(6.029, 1.000, 7.759, "Ace Pilot", 516)
upgrade(6.029, 1.000, 7.759, 286)
upgrade(6.029, 1.000, 7.759, 716)
place(6.055, 1.000, 14.024, "Ace Pilot", 518)
upgrade(6.054, 1.000, 14.024, 855)
upgrade(6.054, 1.000, 14.024, 921)
upgrade(6.032, 1.000, 10.906, 1819)
upgrade(6.032, 1.000, 10.906, 2546)
place(9.100, 1.000, 13.976, "Ace Pilot", 1418)
upgrade(9.100, 1.000, 13.976, 1038)
upgrade(9.100, 1.000, 13.976, 993)
upgrade(6.029, 1.000, 7.759, 1754)
upgrade(6.054, 1.000, 14.024, 1559)
upgrade(9.062, 1.000, 10.909, 2659)
upgrade(9.058, 1.000, 7.741, 1699)
upgrade(9.100, 1.000, 13.976, 2186)
place(11.863, 1.000, 12.461, "Militant", 1361)
place(11.719, 1.000, 9.323, "Militant", 1235)
place(11.401, 1.000, 5.788, "Militant", 881)
upgrade(11.863, 2.350, 12.461, 2613)
upgrade(11.719, 2.350, 9.323, 3599)
upgrade(11.401, 2.350, 5.788, 3452)
upgrade(11.401, 2.350, 5.788, 3302)
upgrade(11.719, 2.350, 9.323, 2252)
upgrade(11.863, 2.350, 12.461, 1284)
place(14.438, 1.000, 10.899, "Militant", 1712)
upgrade(14.438, 2.350, 10.899, 2440)
upgrade(14.438, 2.350, 10.899, 2290)
place(11.450, 1.000, 16.030, "Militant", 2590)
upgrade(11.450, 2.350, 16.030, 2110)
upgrade(11.450, 2.350, 16.030, 2070)
place(8.514, 1.000, 17.294, "Militant", 2110)
upgrade(8.514, 2.350, 17.294, 1510)
upgrade(8.514, 2.350, 17.294, 1360)
place(5.433, 1.000, 17.299, "Militant", 3468)
upgrade(5.433, 2.350, 17.299, 2868)
upgrade(5.433, 2.350, 17.299, 2718)
place(14.561, 1.000, 7.826, "Militant", 3285)
upgrade(14.561, 2.350, 7.826, 2685)
upgrade(14.561, 2.350, 7.826, 2535)
place(3.088, 1.000, -2.793, "Assassin", 8244)
place(-2.721, 1.000, -2.990, "Assassin", 7944)
place(-2.930, 1.000, 2.563, "Assassin", 8844)
place(3.002, 1.000, 2.816, "Assassin", 8544)
upgrade(3.088, 2.350, -2.793, 8244)
upgrade(3.088, 2.350, -2.793, 7794)
upgrade(-2.721, 2.350, -2.990, 7044)
upgrade(-2.721, 2.350, -2.990, 6595)
upgrade(-2.930, 2.350, 2.563, 6324)
upgrade(-2.930, 2.350, 2.563, 5875)
upgrade(3.002, 2.350, 2.816, 5124)
upgrade(3.002, 2.350, 2.816, 4674)
upgrade(3.002, 2.350, 2.816, 5491)
upgrade(3.088, 2.350, -2.793, 3204)
upgrade(-2.721, 2.350, -2.990, 2839)
upgrade(-2.930, 2.350, 2.563, 3559)
upgrade(11.719, 2.350, 9.323, 5612)
upgrade(14.438, 2.350, 10.899, 3882)
upgrade(11.863, 2.350, 12.461, 3423)
upgrade(11.450, 2.350, 16.030, 3238)
upgrade(11.401, 2.350, 5.788, 5903)
upgrade(8.514, 2.350, 17.294, 4076)
upgrade(5.433, 2.350, 17.299, 3334)
upgrade(6.032, 1.000, 10.906, 11428)
place(-35.350, 1.000, -3.251, "Assassin", 12404)
upgrade(-35.350, 2.350, -3.251, 12445)
