place(5.984, 1.000, 11.469, "Ace Pilot", 950)
upgrade(5.983, 1.000, 11.470, 518)
upgrade(5.983, 1.000, 11.470, 1045)
place(8.999, 1.000, 11.470, "Ace Pilot", 1242)
upgrade(8.999, 1.000, 11.470, 516)
upgrade(8.999, 1.000, 11.470, 947)
place(-9.142, 1.000, 2.701, "Trapper", 760)
upgrade(-9.142, 2.350, 2.701, 756)
place(-12.413, 1.000, 3.197, "Trapper", 846)
upgrade(-12.413, 2.350, 3.197, 965)
place(5.888, 1.000, 8.395, "Ace Pilot", 2313)
place(9.042, 1.000, 8.278, "Ace Pilot", 1563)
upgrade(9.042, 1.000, 8.278, 813)
upgrade(9.042, 1.000, 8.278, 477)
upgrade(9.042, 1.000, 8.278, 476)
upgrade(5.888, 1.000, 8.395, 476)
upgrade(5.888, 1.000, 8.395, 1363)
upgrade(9.042, 1.000, 8.278, 1424)
place(9.055, 1.000, 14.545, "Ace Pilot", 784)
upgrade(9.055, 1.000, 14.545, 1234)
upgrade(9.055, 1.000, 14.545, 1107)
place(6.099, 1.000, 15.222, "Ace Pilot", 1986)
upgrade(6.098, 1.000, 15.222, 1236)
upgrade(6.098, 1.000, 15.222, 949)
place(4.288, 1.000, 5.631, "Freezer", 1402)
place(5.391, 1.000, 18.338, "Freezer", 773)
upgrade(4.288, 2.350, 5.631, 522)
upgrade(5.391, 2.350, 18.338, 371)
place(11.886, 1.000, 10.312, "Freezer", 1184)
upgrade(11.886, 2.350, 10.312, 547)
upgrade(5.983, 1.000, 11.470, 2334)
upgrade(5.983, 1.000, 11.470, 4206)
upgrade(5.888, 1.000, 8.395, 2682)
upgrade(9.042, 1.000, 8.278, 3042)
upgrade(6.098, 1.000, 15.222, 2670)
upgrade(9.055, 1.000, 14.545, 2730)
upgrade(-12.413, 2.350, 3.197, 8900)
upgrade(-9.142, 2.350, 2.701, 6830)
place(-15.397, 1.000, 3.549, "Trapper", 5090)
upgrade(-15.397, 2.350, 3.549, 4340)
upgrade(-15.397, 2.350, 3.549, 3650)
place(-18.544, 1.000, 3.615, "Trapper", 1550)
upgrade(-18.544, 2.350, 3.615, 950)
upgrade(-18.544, 2.350, 3.615, 2380)
place(-17.543, 1.000, -2.941, "Trapper", 730)
place(-17.701, 1.000, -2.744, "Trapper", 1990)
upgrade(-17.701, 2.350, -2.744, 1240)
upgrade(-17.701, 2.350, -2.744, 2440)
place(-14.357, 1.000, -2.969, "Trapper", 4330)
upgrade(-14.357, 2.350, -2.969, 3580)
upgrade(-14.357, 2.350, -2.969, 2830)
place(-10.824, 1.000, -2.702, "Trapper", 2230)
upgrade(-10.824, 2.350, -2.702, 1480)
upgrade(-10.824, 2.350, -2.702, 3080)
place(-20.675, 1.000, -3.565, "Trapper", 830)
place(-20.850, 1.000, -3.574, "Freezer", 2651)
upgrade(-20.850, 2.350, -3.574, 2858)
place(-4.379, 1.000, -2.755, "Freezer", 2706)
upgrade(-4.379, 2.350, -2.755, 2069)
upgrade(-4.379, 2.350, -2.755, 2332)
place(9.004, 1.000, 4.666, "Ace Pilot", 4157)
upgrade(9.004, 1.000, 4.666, 3407)
upgrade(9.004, 1.000, 4.666, 3070)
upgrade(4.288, 2.350, 5.631, 4078)
upgrade(4.288, 2.350, 5.631, 3186)
upgrade(5.391, 2.350, 18.338, 4858)
upgrade(5.391, 2.350, 18.338, 7284)
upgrade(11.886, 2.350, 10.312, 4463)
upgrade(11.886, 2.350, 10.312, 3488)
place(11.648, 1.000, 6.467, "Ace Pilot", 8648)
upgrade(11.648, 1.000, 6.467, 9888)
upgrade(11.648, 1.000, 6.467, 9561)
upgrade(11.648, 1.000, 6.467, 8624)
place(14.880, 1.000, 8.203, "Ace Pilot", 6374)
place(16.861, 1.000, 9.757, "Freezer", 8473)
upgrade(16.861, 2.350, 9.757, 7837)
upgrade(16.861, 2.350, 9.757, 7500)
upgrade(16.861, 2.350, 9.757, 6525)
place(2.887, 1.000, -3.297, "Freezer", 5900)
upgrade(2.887, 2.350, -3.297, 5543)
upgrade(2.887, 2.350, -3.297, 5357)
upgrade(2.887, 2.350, -3.297, 4401)
