place(2.722, 1.000, 2.573, "Trapper", 950)
upgrade(2.722, 2.350, 2.573, 898)
place(-2.599, 1.000, 2.654, "Trapper", 656)
place(-2.599, 1.000, 2.654, "Trapper", 1114)
upgrade(-2.599, 2.350, 2.654, 948)
place(9.525, 1.000, 9.243, "Militant", 994)
upgrade(9.525, 2.350, 9.243, 720)
SetTarget(9.525, 2.350, 9.243, "Last")
SetTarget(9.525, 2.350, 9.243, "Strongest")
place(2.662, 1.000, -2.600, "Trapper", 1289)
upgrade(2.662, 2.350, -2.600, 778)
place(-2.780, 1.000, -2.813, "Trapper", 981)
upgrade(-2.780, 2.350, -2.813, 1009)
place(10.039, 1.000, 12.282, "Militant", 1246)
upgrade(10.039, 2.350, 12.282, 346)
upgrade(2.662, 2.350, -2.600, 2435)
upgrade(2.722, 2.350, 2.573, 2751)
upgrade(-2.780, 2.350, -2.813, 2336)
upgrade(-2.599, 2.350, 2.654, 3300)
place(11.295, 1.000, 18.471, "Trapper", 1410)
upgrade(11.295, 2.350, 18.471, 840)
place(12.205, 1.000, 7.628, "Militant", 1830)
upgrade(12.205, 2.350, 7.628, 930)
place(-21.388, 1.000, -3.784, "Militant", 2314)
upgrade(-21.388, 2.350, -3.784, 1448)
place(-27.700, 1.000, -3.823, "Militant", 1224)
upgrade(-27.700, 2.350, -3.823, 354)
