place(5.473, 1.000, 10.774, "Militant", 600)
upgrade(5.473, 2.350, 10.774, 290)
place(2.540, 1.000, -2.645, "Pyromancer", 1367)
upgrade(2.540, 2.350, -2.645, 467)
upgrade(2.540, 2.350, -2.645, 1107)
place(-2.569, 1.000, -2.816, "Pyromancer", 1392)
upgrade(-2.569, 2.350, -2.816, 492)
upgrade(-2.569, 2.350, -2.816, 1622)
place(8.495, 1.000, 11.151, "Militant", 707)
upgrade(8.495, 2.350, 11.151, 190)
upgrade(2.540, 2.350, -2.645, 1771)
upgrade(-2.569, 2.350, -2.816, 1891)
upgrade(5.473, 2.350, 10.774, 2514)
upgrade(8.495, 2.350, 11.151, 1582)
place(2.761, 1.000, -27.796, "Pyromancer", 2824)
upgrade(2.761, 2.350, -27.796, 1924)
upgrade(2.761, 2.350, -27.796, 1599)
upgrade(-2.569, 2.350, -2.816, 3805)
place(7.585, 1.000, 8.153, "Militant", 988)
upgrade(7.585, 2.350, 8.153, 470)
upgrade(7.585, 2.350, 8.153, 3017)
place(7.668, 1.000, 14.428, "Militant", 2037)
upgrade(7.668, 2.350, 14.428, 1437)
upgrade(7.668, 2.350, 14.428, 1333)
place(10.779, 1.000, 13.135, "Militant", 1283)
upgrade(10.779, 2.350, 13.135, 783)
upgrade(10.779, 2.350, 13.135, 2708)
upgrade(8.495, 2.350, 11.151, 3217)
upgrade(5.473, 2.350, 10.774, 3474)
place(5.846, 1.000, 17.512, "Pyromancer", 1014)
upgrade(5.846, 2.350, 17.512, 434)
upgrade(5.846, 2.350, 17.512, 3209)
upgrade(5.846, 2.350, 17.512, 3099)
place(10.570, 1.000, 8.884, "Militant", 1349)
upgrade(10.570, 2.350, 8.884, 749)
upgrade(10.779, 2.350, 13.135, 5747)
upgrade(2.761, 2.350, -27.796, 2622)
upgrade(-2.569, 2.350, -2.816, 10262)
upgrade(7.585, 2.350, 8.153, 5082)
upgrade(7.668, 2.350, 14.428, 12328)
upgrade(10.779, 2.350, 13.135, 11953)
upgrade(10.570, 2.350, 8.884, 7165)
upgrade(10.570, 2.350, 8.884, 6115)
place(-2.587, 1.000, 2.745, "Pyromancer", 3390)
place(2.678, 1.000, 2.763, "Pyromancer", 2890)
upgrade(2.678, 2.350, 2.763, 1990)
upgrade(2.678, 2.350, 2.763, 2015)
upgrade(-2.587, 2.350, 2.745, 1914)
upgrade(-2.587, 2.350, 2.745, 1732)
upgrade(-2.587, 2.350, 2.745, 4105)
upgrade(2.678, 2.350, 2.763, 3755)
upgrade(2.540, 2.350, -2.645, 6321)
upgrade(2.678, 2.350, 2.763, 3571)
upgrade(-2.587, 2.350, 2.745, 3721)
upgrade(10.570, 2.350, 8.884, 9303)
upgrade(2.761, 2.350, -27.796, 5303)
upgrade(5.846, 2.350, 17.512, 4853)
place(15.780, 1.000, 8.493, "Pyromancer", 2869)
upgrade(15.780, 2.350, 8.493, 2446)
upgrade(15.780, 2.350, 8.493, 2390)
upgrade(15.780, 2.350, 8.493, 2129)
upgrade(15.780, 2.350, 8.493, 15299)
upgrade(8.495, 2.350, 11.151, 11899)
upgrade(7.668, 2.350, 14.428, 6254)
upgrade(5.846, 2.350, 17.512, 11091)
upgrade(7.585, 2.350, 8.153, 11880)
upgrade(5.473, 2.350, 10.774, 6130)
place(13.054, 1.000, 10.993, "Militant", 2080)
upgrade(13.054, 2.350, 10.993, 4830)
upgrade(13.054, 2.350, 10.993, 5852)
upgrade(13.054, 2.350, 10.993, 4802)
upgrade(13.054, 2.350, 10.993, 13159)
place(12.870, 1.000, 6.652, "Militant", 8059)
upgrade(12.870, 2.350, 6.652, 8280)
upgrade(12.870, 2.350, 6.652, 8159)
upgrade(12.870, 2.350, 6.652, 7707)
upgrade(12.870, 2.350, 6.652, 8132)
upgrade(2.761, 2.350, -27.796, 13707)
place(4.487, 1.000, 7.490, "Militant", 19688)
upgrade(4.487, 2.350, 7.490, 19088)
upgrade(4.487, 2.350, 7.490, 19535)
upgrade(4.487, 2.350, 7.490, 18488)
upgrade(4.487, 2.350, 7.490, 15361)
place(9.450, 1.000, 5.589, "Militant", 14161)
upgrade(9.450, 2.350, 5.589, 15760)
upgrade(9.450, 2.350, 5.589, 16094)
upgrade(9.450, 2.350, 5.589, 15211)
upgrade(9.450, 2.350, 5.589, 12536)
place(16.439, 1.000, 11.472, "Militant", 8136)
upgrade(16.439, 2.350, 11.472, 8436)
upgrade(16.439, 2.350, 11.472, 8287)
upgrade(16.439, 2.350, 11.472, 7485)
upgrade(16.439, 2.350, 11.472, 6537)
place(-2.719, 1.000, -27.279, "Pyromancer", 6408)
upgrade(-2.719, 2.350, -27.279, 5825)
upgrade(-2.719, 2.350, -27.279, 5500)
upgrade(-2.719, 2.350, -27.279, 6141)
upgrade(-2.719, 2.350, -27.279, 4535)
SetTarget(-2.719, 2.350, -27.279, "Last")
upgrade(-2.719, 2.350, -27.279, 7085)
place(3.058, 1.000, -24.681, "Pyromancer", 5435)
upgrade(3.058, 2.350, -24.681, 4535)
upgrade(3.058, 2.350, -24.681, 4697)
upgrade(3.058, 2.350, -24.681, 3795)
SetTarget(3.058, 2.350, -24.681, "Last")
place(9.478, 1.000, 17.142, "Militant", 23087)
upgrade(9.478, 2.350, 17.142, 22487)
upgrade(9.478, 2.350, 17.142, 22337)
upgrade(9.478, 2.350, 17.142, 21287)
upgrade(9.478, 2.350, 17.142, 18162)
place(6.006, 1.000, 4.667, "Militant", 16007)
upgrade(6.006, 2.350, 4.667, 16022)
upgrade(6.006, 2.350, 4.667, 15872)
upgrade(6.006, 2.350, 4.667, 14822)
upgrade(6.006, 2.350, 4.667, 11697)
place(11.808, 1.000, 3.443, "Militant", 11077)
upgrade(11.808, 2.350, 3.443, 10477)
upgrade(11.808, 2.350, 3.443, 10327)
upgrade(11.808, 2.350, 3.443, 9277)
upgrade(11.808, 2.350, 3.443, 6152)
place(2.899, 1.000, 18.315, "Militant", 402)
place(2.858, 1.000, 18.186, "Militant", 1002)
upgrade(2.858, 2.350, 18.186, 402)
upgrade(2.858, 2.350, 18.186, 1102)
upgrade(2.858, 2.350, 18.186, 4102)
upgrade(2.858, 2.350, 18.186, 8507)
upgrade(3.058, 2.350, -24.681, 14242)
upgrade(3.058, 2.350, -24.681, 10878)
place(8.387, 1.000, 2.770, "Militant", 25760)
upgrade(8.387, 2.350, 2.770, 25363)
upgrade(8.387, 2.350, 2.770, 25213)
upgrade(8.387, 2.350, 2.770, 24166)
upgrade(8.387, 2.350, 2.770, 21040)
upgrade(15.780, 2.350, 8.493, 19836)
upgrade(2.678, 2.350, 2.763, 20403)
upgrade(-2.587, 2.350, 2.745, 14338)
upgrade(2.540, 2.350, -2.645, 8749)
place(7.872, 1.000, 20.020, "Militant", 14647)
upgrade(7.872, 2.350, 20.020, 15147)
upgrade(7.872, 2.350, 20.020, 15247)
upgrade(7.872, 2.350, 20.020, 14397)
upgrade(7.872, 2.350, 20.020, 11272)
place(15.364, 1.000, 4.314, "Militant", 10057)
upgrade(15.364, 2.350, 4.314, 9942)
upgrade(15.364, 2.350, 4.314, 10240)
upgrade(15.364, 2.350, 4.314, 9962)
upgrade(15.364, 2.350, 4.314, 6917)
place(16.754, 1.000, 17.913, "Militant", 29204)
upgrade(16.754, 2.350, 17.913, 28604)
upgrade(16.754, 2.350, 17.913, 28454)
upgrade(16.754, 2.350, 17.913, 27406)
upgrade(16.754, 2.350, 17.913, 24296)
upgrade(16.754, 2.350, 17.913, 18534)
place(17.830, 1.000, 6.137, "Militant", 18774)
upgrade(17.830, 2.350, 6.137, 18279)
upgrade(17.830, 2.350, 6.137, 18130)
upgrade(17.830, 2.350, 6.137, 17085)
upgrade(17.830, 2.350, 6.137, 13959)
place(16.806, 1.000, 21.009, "Militant", 8654)
upgrade(16.806, 2.350, 21.009, 8504)
upgrade(16.806, 2.350, 21.009, 8803)
upgrade(16.806, 2.350, 21.009, 7754)
upgrade(16.806, 2.350, 21.009, 5138)
upgrade(16.806, 2.350, 21.009, 7979)
place(18.721, 1.000, 9.242, "Militant", 9468)
upgrade(18.721, 2.350, 9.242, 9968)
upgrade(18.721, 2.350, 9.242, 10425)
upgrade(18.721, 2.350, 9.242, 10045)
upgrade(18.721, 2.350, 9.242, 5307)
place(17.347, 1.000, 24.184, "Militant", 27567)
upgrade(17.347, 2.350, 24.184, 27475)
upgrade(17.347, 2.350, 24.184, 27325)
upgrade(17.347, 2.350, 24.184, 26294)
upgrade(17.347, 2.350, 24.184, 23167)
upgrade(17.347, 2.350, 24.184, 21409)
place(15.295, 1.000, 26.571, "Militant", 27650)
upgrade(15.295, 2.350, 26.571, 27050)
upgrade(15.295, 2.350, 26.571, 26908)
upgrade(15.295, 2.350, 26.571, 25860)
upgrade(15.295, 2.350, 26.571, 22757)
upgrade(15.295, 2.350, 26.571, 17010)
place(7.505, 1.000, -2.722, "Militant", 17115)
upgrade(7.505, 2.350, -2.722, 17034)
upgrade(7.505, 2.350, -2.722, 16911)
upgrade(7.505, 2.350, -2.722, 16072)
upgrade(7.505, 2.350, -2.722, 13251)
upgrade(7.505, 2.350, -2.722, 7487)
place(10.693, 1.000, -2.831, "Militant", 11280)
upgrade(10.693, 2.350, -2.831, 10680)
upgrade(10.693, 2.350, -2.831, 10530)
upgrade(10.693, 2.350, -2.831, 9499)
upgrade(10.693, 2.350, -2.831, 6360)
place(13.760, 1.000, -3.043, "Militant", 3805)
upgrade(13.760, 2.350, -3.043, 3205)
upgrade(13.760, 2.350, -3.043, 5006)
upgrade(13.760, 2.350, -3.043, 5358)
upgrade(13.760, 2.350, -3.043, 2227)
upgrade(13.760, 2.350, -3.043, 6712)
place(-3.157, 1.000, 5.916, "Militant", 4562)
upgrade(-3.157, 2.350, 5.916, 3962)
upgrade(-3.157, 2.350, 5.916, 3812)
upgrade(-3.157, 2.350, 5.916, 2763)
upgrade(-3.157, 2.350, 5.916, 4846)
place(-3.648, 1.000, -24.123, "Pyromancer", 36459)
upgrade(-3.648, 2.350, -24.123, 36659)
upgrade(-3.648, 2.350, -24.123, 36810)
upgrade(-3.648, 2.350, -24.123, 36269)
upgrade(-3.648, 2.350, -24.123, 34519)
upgrade(-3.648, 2.350, -24.123, 31119)
place(-3.806, 1.000, -21.007, "Pyromancer", 27849)
upgrade(-3.806, 2.350, -21.007, 28498)
upgrade(-3.806, 2.350, -21.007, 28834)
upgrade(-3.806, 2.350, -21.007, 27919)
upgrade(-3.806, 2.350, -21.007, 26169)
upgrade(-3.806, 2.350, -21.007, 22769)
place(3.105, 1.000, -21.530, "Pyromancer", 15779)
upgrade(3.105, 2.350, -21.530, 14889)
upgrade(3.105, 2.350, -21.530, 14573)
upgrade(3.105, 2.350, -21.530, 13660)
upgrade(3.105, 2.350, -21.530, 11913)
upgrade(3.105, 2.350, -21.530, 8520)
place(-3.496, 1.000, -30.247, "Pyromancer", 1530)
sell(3.058, 2.350, -24.681)
sell(2.761, 2.350, -27.796)
sell(-2.719, 2.350, -27.279)
sell(-3.648, 2.350, -24.123)
sell(-3.806, 2.350, -21.007)
sell(3.105, 2.350, -21.530)
place(-6.260, 1.000, 6.651, "Militant", 104646)
upgrade(-6.260, 2.350, 6.651, 104046)
upgrade(-6.260, 2.350, 6.651, 103896)
upgrade(-6.260, 2.350, 6.651, 102847)
upgrade(-6.260, 2.350, 6.651, 99750)
upgrade(-6.260, 2.350, 6.651, 94002)
upgrade(-3.157, 2.350, 5.916, 97971)
place(12.174, 1.000, 26.216, "Militant", 96221)
upgrade(12.174, 2.350, 26.216, 99621)
upgrade(12.174, 2.350, 26.216, 99471)
upgrade(12.174, 2.350, 26.216, 98421)
upgrade(12.174, 2.350, 26.216, 95297)
place(8.293, 1.000, 25.831, "Militant", 93546)
upgrade(8.293, 2.350, 25.831, 92946)
upgrade(8.293, 2.350, 25.831, 95267)
upgrade(8.293, 2.350, 25.831, 95747)
upgrade(8.293, 2.350, 25.831, 92653)
upgrade(8.293, 2.350, 25.831, 86876)
place(5.297, 1.000, 26.099, "Militant", 90871)
upgrade(5.297, 2.350, 26.099, 90271)
upgrade(5.297, 2.350, 26.099, 90121)
upgrade(5.297, 2.350, 26.099, 91374)
upgrade(5.297, 2.350, 26.099, 89952)
upgrade(5.297, 2.350, 26.099, 84208)
place(12.794, 1.000, 29.344, "Militant", 84196)
upgrade(12.794, 2.350, 29.344, 87596)
upgrade(12.794, 2.350, 29.344, 87446)
upgrade(12.794, 2.350, 29.344, 86397)
upgrade(12.794, 2.350, 29.344, 83271)
upgrade(12.794, 2.350, 29.344, 77532)
place(9.630, 1.000, 29.414, "Militant", 81521)
upgrade(9.630, 2.350, 29.414, 84921)
upgrade(9.630, 2.350, 29.414, 84771)
upgrade(9.630, 2.350, 29.414, 83721)
upgrade(9.630, 2.350, 29.414, 80599)
sell(5.846, 2.350, 17.512)
place(5.860, 1.000, 17.647, "Militant", 107609)
upgrade(5.860, 2.350, 17.647, 107009)
upgrade(5.860, 2.350, 17.647, 106859)
upgrade(5.860, 2.350, 17.647, 109809)
upgrade(5.860, 2.350, 17.647, 106684)
sell(9.630, 2.350, 29.414)
place(17.740, 1.000, -3.215, "Militant", 116492)
upgrade(17.740, 2.350, -3.215, 115818)
upgrade(17.740, 2.350, -3.215, 115742)
upgrade(17.740, 2.350, -3.215, 114692)
upgrade(17.740, 2.350, -3.215, 111567)
sell(15.295, 2.350, 26.571)
sell(12.794, 2.350, 29.344)
sell(8.293, 2.350, 25.831)
sell(5.297, 2.350, 26.099)
place(4.808, 1.000, -4.768, "Militant", 131690)
upgrade(4.808, 2.350, -4.768, 131449)
upgrade(4.808, 2.350, -4.768, 131299)
upgrade(4.808, 2.350, -4.768, 134242)
upgrade(4.808, 2.350, -4.768, 131126)
upgrade(4.808, 2.350, -4.768, 125379)
place(18.266, 1.000, 2.784, "Militant", 129374)
upgrade(18.266, 2.350, 2.784, 128774)
upgrade(18.266, 2.350, 2.784, 128624)
upgrade(18.266, 2.350, 2.784, 131574)
upgrade(18.266, 2.350, 2.784, 128457)
sell(12.174, 2.350, 26.216)
place(18.181, 1.000, -6.272, "Militant", 134257)
upgrade(18.181, 2.350, -6.272, 133657)
upgrade(18.181, 2.350, -6.272, 133507)
upgrade(18.181, 2.350, -6.272, 136418)
upgrade(18.181, 2.350, -6.272, 133332)
sell(18.181, 2.350, -6.272)
place(18.552, 1.000, -6.452, "Militant", 131140)
upgrade(18.552, 2.350, -6.452, 130540)
upgrade(18.552, 2.350, -6.452, 130390)
upgrade(18.552, 2.350, -6.452, 129340)
upgrade(18.552, 2.350, -6.452, 126215)
sell(15.780, 2.350, 8.493)
place(-4.212, 1.000, -5.728, "Militant", 133208)
upgrade(-4.212, 2.350, -5.728, 132628)
upgrade(-4.212, 2.350, -5.728, 132478)
upgrade(-4.212, 2.350, -5.728, 135423)
upgrade(-4.212, 2.350, -5.728, 132305)
sell(7.872, 2.350, 20.020)
sell(17.347, 2.350, 24.184)
sell(16.806, 2.350, 21.009)
place(-20.431, 1.000, -6.084, "Militant", 141227)
place(-27.175, 1.000, -6.977, "Militant", 140627)
place(-30.228, 1.000, -4.440, "Militant", 140027)
place(-23.369, 1.000, -4.122, "Militant", 139427)
place(-15.439, 1.000, -5.918, "Militant", 143377)
upgrade(-15.439, 2.350, -5.918, 144369)
upgrade(-15.439, 2.350, -5.918, 144219)
upgrade(-15.439, 2.350, -5.918, 143175)
upgrade(-15.439, 2.350, -5.918, 140049)
upgrade(-20.431, 2.350, -6.084, 134294)
upgrade(-20.431, 2.350, -6.084, 134147)
upgrade(-20.431, 2.350, -6.084, 133096)
upgrade(-20.431, 2.350, -6.084, 130058)
upgrade(-23.369, 2.350, -4.122, 124219)
