place(11.638, 0.972, 24.180, "Militant", 600)
upgrade(11.638, 2.322, 24.180, 382)
place(14.763, 0.977, 24.264, "Militant", 641)
upgrade(14.763, 2.327, 24.264, 162)
place(14.526, 0.979, 27.292, "Militant", 636)
upgrade(14.526, 2.329, 27.292, 619)
place(11.233, 0.974, 27.224, "Militant", 653)
upgrade(11.233, 2.324, 27.224, 153)
upgrade(14.526, 2.329, 27.292, 1097)
upgrade(11.233, 2.324, 27.224, 1060)
upgrade(14.763, 2.327, 24.264, 1292)
upgrade(11.638, 2.322, 24.180, 1445)
place(0.507, 0.990, 48.777, "Military Base", 1026)
upgrade(0.507, 1.853, 48.777, 701)
upgrade(0.507, 1.853, 48.777, 522)
upgrade(0.507, 1.853, 48.777, 1497)
place(-4.180, 0.959, 48.694, "Military Base", 1497)
upgrade(-4.180, 1.821, 48.694, 1168)
upgrade(-4.180, 1.821, 48.694, 1069)
upgrade(-4.180, 1.821, 48.694, 4090)
upgrade(0.507, 1.853, 48.777, 2880)
place(5.022, 1.007, 48.875, "Military Base", 1792)
upgrade(5.022, 1.870, 48.875, 1450)
upgrade(5.022, 1.870, 48.875, 1300)
upgrade(5.022, 1.870, 48.875, 2401)
place(4.900, 1.012, 53.521, "Military Base", 4323)
upgrade(4.900, 1.874, 53.521, 3923)
upgrade(4.900, 1.874, 53.521, 3723)
upgrade(4.900, 1.874, 53.521, 3323)
place(-0.396, 0.971, 53.548, "Military Base", 2048)
upgrade(-0.396, 1.833, 53.548, 1648)
upgrade(-0.396, 1.833, 53.548, 1448)
upgrade(-0.396, 1.833, 53.548, 1673)
place(-5.080, 0.953, 53.165, "Military Base", 272)
place(-5.080, 0.953, 53.165, "Military Base", 489)
place(-5.080, 0.953, 53.165, "Military Base", 1741)
upgrade(4.900, 1.874, 53.521, 10345)
upgrade(-0.396, 1.833, 53.548, 7714)
upgrade(0.507, 1.853, 48.777, 8861)
upgrade(-4.180, 1.821, 48.694, 10150)
upgrade(5.022, 1.870, 48.875, 7651)
upgrade(11.233, 2.324, 27.224, 3651)
upgrade(14.526, 2.329, 27.292, 3195)
Airstrike(5.022, 1.870, 48.875, 25.500, 1.125, 3.000, 1, 183.240, 1137)
Airstrike(0.507, 1.853, 48.777, 25.975, 1.090, 31.500, 1, 280.594, 1537)
Airstrike(-4.180, 1.821, 48.694, 20.604, 1.126, 35.112, 1, 270.881, 5037)
upgrade(11.638, 2.322, 24.180, 9619)
upgrade(14.763, 2.327, 24.264, 6494)
Airstrike(4.900, 1.874, 53.521, 29.512, 1.067, 31.500, 1, 283.456, 8266)
Airstrike(-0.396, 1.833, 53.548, 20.397, 1.126, 32.901, 1, 273.252, 13166)
Airstrike(5.022, 1.870, 48.875, 36.110, 1.025, 31.500, 1, 289.210, 18026)
Airstrike(0.507, 1.853, 48.777, 32.632, 1.047, 31.500, 1, 286.972, 18066)
upgrade(5.022, 1.870, 48.875, 25366)
Airstrike(-4.180, 1.821, 48.694, 33.912, 1.039, 31.500, 1, 286.972, 5565)
Airstrike(5.022, 1.870, 48.875, 33.896, 1.039, 31.500, 1, 286.972, 19935)
Airstrike(0.507, 1.853, 48.777, 33.807, 1.040, 31.500, 1, 286.972, 19882)
Airstrike(4.900, 1.874, 53.521, 32.014, 1.051, 31.500, 1, 285.058, 20180)
Airstrike(-0.396, 1.833, 53.548, 0.000, 0.000, 0.000, 1, 285.058, 21155)
upgrade(0.507, 1.853, 48.777, 25817)
Airstrike(-4.180, 1.821, 48.694, 34.559, 1.035, 31.500, 1, 289.210, 12744)
Airstrike(5.022, 1.870, 48.875, 28.235, 1.075, 31.500, 1, 281.962, 14846)
Airstrike(0.507, 1.853, 48.777, 20.559, 1.126, 34.510, 1, 272.004, 19675)
upgrade(-4.180, 1.821, 48.694, 25694)
Airstrike(4.900, 1.874, 53.521, 25.541, 1.093, 31.500, 1, 279.370, 1594)
Airstrike(-0.396, 1.833, 53.548, 20.461, 1.126, 33.662, 1, 272.004, 5844)
Airstrike(-4.180, 1.821, 48.694, 20.536, 1.126, 34.308, 1, 272.004, 23511)
Airstrike(5.022, 1.870, 48.875, 17.073, 1.125, 36.509, 1, 264.633, 26859)
upgrade(-0.396, 1.833, 53.548, 42617)
Airstrike(0.507, 1.853, 48.777, 33.847, 1.039, 31.500, 1, 286.972, 17617)
Airstrike(4.900, 1.874, 53.521, 20.459, 1.126, 33.649, 1, 272.004, 22717)
Airstrike(-0.396, 1.833, 53.548, 3.274, 1.125, 36.461, 1, 251.523, 26487)
upgrade(4.900, 1.874, 53.521, 40717)
upgrade(14.526, 2.329, 27.292, 17712)
upgrade(11.233, 2.324, 27.224, 11962)
upgrade(14.763, 2.327, 24.264, 6212)
Airstrike(5.022, 1.870, 48.875, 31.051, 1.057, 31.500, 1, 285.058, 5712)
Airstrike(0.507, 1.853, 48.777, 29.528, 1.067, 31.500, 1, 283.456, 9210)
Airstrike(-4.180, 1.821, 48.694, 26.334, 1.088, 31.500, 1, 280.594, 14843)
Airstrike(4.900, 1.874, 53.521, 20.425, 1.126, 33.333, 1, 273.252, 20212)
upgrade(11.638, 2.322, 24.180, 29687)
Airstrike(-0.396, 1.833, 53.548, 5.362, 1.125, 36.657, 1, 252.894, 25680)
place(12.109, 0.978, 30.123, "Militant", 28612)
upgrade(12.109, 2.328, 30.123, 36809)
upgrade(12.109, 2.328, 30.123, 36662)
upgrade(12.109, 2.328, 30.123, 35612)
upgrade(12.109, 2.328, 30.123, 32487)
place(9.038, 0.973, 29.625, "Militant", 27112)
upgrade(9.038, 2.323, 29.625, 27637)
upgrade(9.038, 2.323, 29.625, 27487)
upgrade(9.038, 2.323, 29.625, 26437)
upgrade(9.038, 2.323, 29.625, 23312)
place(8.163, 0.969, 26.202, "Militant", 21449)
upgrade(8.163, 2.319, 26.202, 22403)
upgrade(8.163, 2.319, 26.202, 22253)
upgrade(8.163, 2.319, 26.202, 21203)
upgrade(8.163, 2.319, 26.202, 18080)
upgrade(8.163, 2.319, 26.202, 12331)
place(8.751, 0.967, 22.861, "Militant", 22078)
upgrade(8.751, 2.317, 22.861, 21478)
upgrade(8.751, 2.317, 22.861, 21329)
upgrade(8.751, 2.317, 22.861, 20278)
upgrade(8.751, 2.317, 22.861, 17161)
upgrade(8.751, 2.317, 22.861, 11425)
place(15.364, 0.983, 30.488, "Militant", 11403)
upgrade(15.364, 2.333, 30.488, 13536)
upgrade(15.364, 2.333, 30.488, 13653)
upgrade(15.364, 2.333, 30.488, 12606)
upgrade(15.364, 2.333, 30.488, 9528)
upgrade(15.364, 2.333, 30.488, 3745)
place(17.668, 0.983, 27.203, "Militant", 3728)
upgrade(17.668, 2.333, 27.203, 6128)
upgrade(17.668, 2.333, 27.203, 6584)
upgrade(17.668, 2.333, 27.203, 6335)
upgrade(17.668, 2.333, 27.203, 3220)
Airstrike(0.507, 1.853, 48.777, 0.147, 1.125, 28.346, 1, 242.592, 4603)
Airstrike(5.022, 1.870, 48.875, 1.188, 1.125, 35.868, 1, 250.707, 4103)
Airstrike(-4.180, 1.821, 48.694, 1.790, 1.125, 36.166, 1, 250.707, 6603)
Airstrike(-0.396, 1.833, 53.548, 5.485, 1.125, 16.296, 1, 226.495, 16503)
Airstrike(4.900, 1.874, 53.521, 8.400, 1.125, 16.395, 1, 223.402, 16003)
upgrade(17.668, 2.333, 27.203, 23747)
place(18.753, 0.982, 24.296, "Militant", 22503)
upgrade(18.753, 2.332, 24.296, 22653)
upgrade(18.753, 2.332, 24.296, 22503)
upgrade(18.753, 2.332, 24.296, 21469)
upgrade(18.753, 2.332, 24.296, 18666)
upgrade(18.753, 2.332, 24.296, 13425)
upgrade(18.753, 2.332, 24.296, 13328)
place(14.189, 0.950, 10.782, "Militant", 14078)
upgrade(14.189, 2.300, 10.782, 14228)
upgrade(14.189, 2.300, 10.782, 14797)
upgrade(14.189, 2.300, 10.782, 13778)
upgrade(14.189, 2.300, 10.782, 10759)
upgrade(14.189, 2.300, 10.782, 4931)
place(20.727, 0.987, 26.831, "Militant", 20533)
upgrade(20.727, 2.337, 26.831, 19933)
upgrade(20.727, 2.337, 26.831, 19784)
upgrade(20.727, 2.337, 26.831, 19890)
upgrade(20.727, 2.337, 26.831, 17044)
upgrade(20.727, 2.337, 26.831, 11510)
upgrade(20.727, 2.337, 26.831, 11258)
place(6.019, 0.968, 28.434, "Militant", 12758)
upgrade(6.019, 2.318, 28.434, 12658)
upgrade(6.019, 2.318, 28.434, 12516)
upgrade(6.019, 2.318, 28.434, 11461)
upgrade(6.019, 2.318, 28.434, 8388)
upgrade(6.019, 2.318, 28.434, 3995)
Airstrike(0.507, 1.853, 48.777, 0.417, 1.125, 32.717, 1, 245.658, 4083)
Airstrike(5.022, 1.870, 48.875, 27.079, 1.083, 31.500, 1, 280.594, 12883)
Airstrike(-4.180, 1.821, 48.694, 25.174, 1.095, 31.500, 1, 279.370, 12833)
Airstrike(4.900, 1.874, 53.521, 26.369, 1.087, 31.500, 1, 280.594, 24233)
Airstrike(-0.396, 1.833, 53.548, 18.358, 1.125, 36.551, 1, 266.905, 25608)
place(5.780, 0.964, 24.019, "Militant", 55098)
upgrade(5.780, 2.314, 24.019, 54508)
upgrade(5.780, 2.314, 24.019, 55671)
upgrade(5.780, 2.314, 24.019, 57398)
upgrade(5.780, 2.314, 24.019, 54445)
upgrade(5.780, 2.314, 24.019, 48737)
place(8.463, 0.975, 32.661, "Militant", 56923)
upgrade(8.463, 2.325, 32.661, 59323)
upgrade(8.463, 2.325, 32.661, 59173)
upgrade(8.463, 2.325, 32.661, 58131)
upgrade(8.463, 2.325, 32.661, 57998)
upgrade(8.463, 2.325, 32.661, 52432)
place(11.406, 0.986, 33.303, "Militant", 55248)
upgrade(11.406, 2.336, 33.303, 54648)
upgrade(11.406, 2.336, 33.303, 54500)
upgrade(11.406, 2.336, 33.303, 53450)
upgrade(11.406, 2.336, 33.303, 50489)
upgrade(11.406, 2.336, 33.303, 44591)
place(14.403, 0.984, 33.524, "Militant", 50399)
upgrade(14.403, 2.334, 33.524, 49799)
upgrade(14.403, 2.334, 33.524, 49650)
upgrade(14.403, 2.334, 33.524, 48604)
upgrade(14.403, 2.334, 33.524, 45534)
upgrade(14.403, 2.334, 33.524, 39754)
place(17.518, 0.987, 33.378, "Militant", 39724)
upgrade(17.518, 2.337, 33.378, 39045)
upgrade(17.518, 2.337, 33.378, 38974)
upgrade(17.518, 2.337, 33.378, 44551)
upgrade(17.518, 2.337, 33.378, 43580)
upgrade(17.518, 2.337, 33.378, 37824)
Airstrike(5.022, 1.870, 48.875, 20.504, 1.126, 34.037, 1, 272.004, 37799)
Airstrike(0.507, 1.853, 48.777, 18.852, 1.125, 36.580, 1, 266.905, 37299)
Airstrike(-4.180, 1.821, 48.694, 15.561, 1.125, 36.541, 1, 264.633, 37670)
Airstrike(4.900, 1.874, 53.521, 17.197, 1.125, 36.506, 1, 264.633, 44122)
Airstrike(-0.396, 1.833, 53.548, 7.842, 1.125, 36.708, 1, 255.174, 56589)
place(10.721, 0.968, 20.156, "Militant", 79549)
place(7.582, 0.964, 19.969, "Militant", 83949)
place(4.445, 0.959, 20.086, "Militant", 88349)
upgrade(4.445, 2.309, 20.086, 87749)
upgrade(4.445, 2.309, 20.086, 87600)
upgrade(4.445, 2.309, 20.086, 86554)
upgrade(4.445, 2.309, 20.086, 83455)
upgrade(4.445, 2.309, 20.086, 77713)
upgrade(7.582, 2.314, 19.969, 77674)
upgrade(7.582, 2.314, 19.969, 77525)
upgrade(7.582, 2.314, 19.969, 76496)
upgrade(7.582, 2.314, 19.969, 73357)
upgrade(7.582, 2.314, 19.969, 67710)
upgrade(10.721, 2.318, 20.156, 73584)
upgrade(10.721, 2.318, 20.156, 73450)
upgrade(10.721, 2.318, 20.156, 72402)
upgrade(10.721, 2.318, 20.156, 69345)
upgrade(10.721, 2.318, 20.156, 63543)
place(22.007, 0.987, 24.046, "Militant", 75942)
upgrade(22.007, 2.337, 24.046, 75344)
upgrade(22.007, 2.337, 24.046, 76590)
upgrade(22.007, 2.337, 24.046, 75553)
upgrade(22.007, 2.337, 24.046, 72438)
upgrade(22.007, 2.337, 24.046, 66762)
Airstrike(5.022, 1.870, 48.875, 26.667, 1.085, 31.500, 1, 280.594, 71331)
Airstrike(4.900, 1.874, 53.521, 25.424, 1.093, 31.500, 1, 279.370, 72398)
Airstrike(0.507, 1.853, 48.777, 20.522, 1.126, 34.190, 1, 272.004, 74731)
Airstrike(-0.396, 1.833, 53.548, 20.433, 1.126, 33.426, 1, 273.252, 74231)
Airstrike(-4.180, 1.821, 48.694, 26.762, 1.085, 31.500, 1, 280.594, 77481)
place(-0.411, 0.926, 13.593, "Militant", 120181)
sell(-0.411, 2.276, 13.593)
place(2.498, 0.921, 13.706, "Militant", 127031)
upgrade(2.498, 2.271, 13.706, 127680)
upgrade(2.498, 2.271, 13.706, 127531)
upgrade(2.498, 2.271, 13.706, 127107)
upgrade(2.498, 2.271, 13.706, 123989)
upgrade(2.498, 2.271, 13.706, 118246)
place(5.735, 0.909, 13.648, "Militant", 121856)
upgrade(5.735, 2.259, 13.648, 121256)
upgrade(5.735, 2.259, 13.648, 121108)
upgrade(5.735, 2.259, 13.648, 120062)
upgrade(5.735, 2.259, 13.648, 116934)
upgrade(5.735, 2.259, 13.648, 111220)
place(8.988, 0.917, 13.355, "Militant", 114181)
upgrade(8.988, 2.267, 13.355, 113581)
upgrade(8.988, 2.267, 13.355, 113431)
upgrade(8.988, 2.267, 13.355, 112412)
upgrade(8.988, 2.267, 13.355, 109308)
upgrade(8.988, 2.267, 13.355, 103517)
place(12.060, 0.932, 13.223, "Militant", 103756)
upgrade(12.060, 2.282, 13.223, 108906)
upgrade(12.060, 2.282, 13.223, 108756)
upgrade(12.060, 2.282, 13.223, 107724)
upgrade(12.060, 2.282, 13.223, 104582)
upgrade(12.060, 2.282, 13.223, 98848)
upgrade(12.060, 2.282, 13.223, 98831)
place(15.327, 0.946, 13.663, "Militant", 101831)
upgrade(15.327, 2.296, 13.663, 105221)
upgrade(15.327, 2.296, 13.663, 107505)
upgrade(15.327, 2.296, 13.663, 109021)
upgrade(15.327, 2.296, 13.663, 105903)
upgrade(15.327, 2.296, 13.663, 100176)
place(16.745, 0.941, 16.418, "Militant", 105146)
upgrade(16.745, 2.291, 16.418, 109546)
upgrade(16.745, 2.291, 16.418, 109396)
upgrade(16.745, 2.291, 16.418, 108348)
upgrade(16.745, 2.291, 16.418, 105299)
upgrade(16.745, 2.291, 16.418, 99487)
place(19.171, 0.978, 18.237, "Militant", 102444)
upgrade(19.171, 2.328, 18.237, 109871)
upgrade(19.171, 2.328, 18.237, 109721)
upgrade(19.171, 2.328, 18.237, 108681)
upgrade(19.171, 2.328, 18.237, 105620)
upgrade(19.171, 2.328, 18.237, 102825)
place(22.253, 0.981, 16.839, "Militant", 112009)
upgrade(22.253, 2.331, 16.839, 111409)
upgrade(22.253, 2.331, 16.839, 111261)
upgrade(22.253, 2.331, 16.839, 110212)
upgrade(22.253, 2.331, 16.839, 107158)
upgrade(22.253, 2.331, 16.839, 101353)
Airstrike(5.022, 1.870, 48.875, 14.940, 1.125, 36.557, 1, 261.567, 110534)
Airstrike(0.507, 1.853, 48.777, 20.392, 1.126, 32.817, 1, 273.252, 121034)
Airstrike(4.900, 1.874, 53.521, 20.402, 1.126, 32.969, 1, 273.252, 120534)
Airstrike(-4.180, 1.821, 48.694, 24.054, 1.102, 31.500, 1, 278.308, 121418)
Airstrike(-0.396, 1.833, 53.548, 27.404, 1.081, 31.500, 1, 281.962, 172223)
place(19.695, 0.963, 14.807, "Militant", 209234)
upgrade(19.695, 2.313, 14.807, 208634)
upgrade(19.695, 2.313, 14.807, 208485)
upgrade(19.695, 2.313, 14.807, 207444)
upgrade(19.695, 2.313, 14.807, 204323)
upgrade(19.695, 2.313, 14.807, 198786)
place(22.615, 0.978, 13.536, "Militant", 198559)
upgrade(22.615, 2.328, 13.536, 197959)
upgrade(22.615, 2.328, 13.536, 197809)
upgrade(22.615, 2.328, 13.536, 196776)
upgrade(22.615, 2.328, 13.536, 193645)
upgrade(22.615, 2.328, 13.536, 188037)
place(17.119, 0.966, 10.073, "Militant", 196134)
upgrade(17.119, 2.316, 10.073, 195534)
upgrade(17.119, 2.316, 10.073, 196049)
upgrade(17.119, 2.316, 10.073, 195086)
upgrade(17.119, 2.316, 10.073, 192079)
upgrade(17.119, 2.316, 10.073, 186243)
place(8.063, 0.924, 10.076, "Militant", 194453)
upgrade(8.063, 2.274, 10.076, 196109)
upgrade(8.063, 2.274, 10.076, 196693)
upgrade(8.063, 2.274, 10.076, 195686)
upgrade(8.063, 2.274, 10.076, 193212)
upgrade(8.063, 2.274, 10.076, 188287)
place(4.967, 0.914, 8.713, "Militant", 195034)
Airstrike(5.022, 1.870, 48.875, 24.857, 1.125, 19.868, 1, 201.368, 204034)
Airstrike(5.022, 1.870, 48.875, 25.230, 1.125, 19.203, 1, 200.366, 203534)
Airstrike(0.507, 1.853, 48.777, 25.347, 1.125, 18.898, 1, 200.366, 203534)
Airstrike(0.507, 1.853, 48.777, 0.000, 0.000, 0.000, 1, 0.000, 206021)
Airstrike(4.900, 1.874, 53.521, 25.500, 1.125, 7.112, 1, 188.033, 215034)
Airstrike(-4.180, 1.821, 48.694, 20.312, 1.125, -7.711, 1, 170.362, 238110)
Airstrike(-4.180, 1.821, 48.694, 19.991, 1.125, -7.714, 1, 168.860, 237610)
Airstrike(-0.396, 1.833, 53.548, 0.153, 1.125, 28.487, 1, 242.592, 257549)
Airstrike(5.022, 1.870, 48.875, 4.839, 1.125, 36.613, 1, 252.894, 302910)
Airstrike(5.022, 1.870, 48.875, 0.473, 1.125, 33.243, 1, 245.658, 302410)
Airstrike(0.507, 1.853, 48.777, 0.304, 1.125, 31.646, 1, 245.658, 302410)
Airstrike(4.900, 1.874, 53.521, 0.148, 1.125, 28.373, 1, 242.592, 301910)
Airstrike(-4.180, 1.821, 48.694, 9.860, 1.125, 16.475, 1, 222.193, 336100)
Airstrike(-0.396, 1.833, 53.548, 0.304, 1.125, 21.352, 1, 233.913, 365660)
Airstrike(5.022, 1.870, 48.875, 13.602, 1.125, 17.913, 1, 217.137, 445160)
Airstrike(0.507, 1.853, 48.777, 13.561, 1.125, 18.474, 1, 215.888, 449660)
Airstrike(4.900, 1.874, 53.521, 15.344, 1.125, 21.650, 1, 211.680, 451660)
Airstrike(-4.180, 1.821, 48.694, 23.913, 1.125, 20.820, 1, 203.067, 506160)
sell(8.463, 2.325, 32.661)
place(17.741, 0.979, 6.495, "Militant", 529218)
upgrade(17.741, 2.329, 6.495, 531118)
upgrade(17.741, 2.329, 6.495, 533462)
upgrade(17.741, 2.329, 6.495, 532425)
upgrade(17.741, 2.329, 6.495, 529306)
upgrade(17.741, 2.329, 6.495, 523627)
sell(6.019, 2.318, 28.434)
place(17.807, 0.987, 3.147, "Militant", 527101)
upgrade(17.807, 2.337, 3.147, 526501)
upgrade(17.807, 2.337, 3.147, 526351)
upgrade(17.807, 2.337, 3.147, 525341)
upgrade(17.807, 2.337, 3.147, 522182)
upgrade(17.807, 2.337, 3.147, 516502)
upgrade(17.807, 2.337, 3.147, 516426)
sell(17.518, 2.337, 33.378)
sell(15.364, 2.333, 30.488)
sell(15.364, 2.333, 30.488)
sell(12.109, 2.328, 30.123)
sell(11.406, 2.336, 33.303)
sell(9.038, 2.323, 29.625)
sell(14.403, 2.334, 33.524)
place(12.688, 0.975, 1.484, "Militant", 537774)
upgrade(12.688, 2.325, 1.484, 537174)
upgrade(12.688, 2.325, 1.484, 537025)
upgrade(12.688, 2.325, 1.484, 535995)
upgrade(12.688, 2.325, 1.484, 532865)
upgrade(12.688, 2.325, 1.484, 527146)
place(10.201, 0.971, -0.922, "Militant", 527099)
upgrade(10.201, 2.321, -0.922, 526499)
upgrade(10.201, 2.321, -0.922, 526350)
upgrade(10.201, 2.321, -0.922, 525302)
upgrade(10.201, 2.321, -0.922, 522271)
upgrade(10.201, 2.321, -0.922, 516432)
place(6.335, 0.957, -2.191, "Militant", 516424)
upgrade(6.335, 2.307, -2.191, 515824)
upgrade(6.335, 2.307, -2.191, 515675)
upgrade(6.335, 2.307, -2.191, 514644)
upgrade(6.335, 2.307, -2.191, 511516)
upgrade(6.335, 2.307, -2.191, 505899)
place(3.120, 0.951, -3.585, "Militant", 505749)
upgrade(3.120, 2.301, -3.585, 505149)
upgrade(3.120, 2.301, -3.585, 504999)
upgrade(3.120, 2.301, -3.585, 503966)
upgrade(3.120, 2.301, -3.585, 500857)
upgrade(3.120, 2.301, -3.585, 495178)
place(12.388, 0.986, -3.623, "Militant", 495074)
upgrade(12.388, 2.336, -3.623, 494474)
upgrade(12.388, 2.336, -3.623, 494324)
upgrade(12.388, 2.336, -3.623, 493277)
upgrade(12.388, 2.336, -3.623, 490154)
upgrade(12.388, 2.336, -3.623, 484408)
Airstrike(5.022, 1.870, 48.875, 23.944, 1.125, -6.864, 1, 173.832, 484399)
Airstrike(5.022, 1.870, 48.875, 23.944, 1.125, -6.864, 1, 171.682, 483899)
Airstrike(0.507, 1.853, 48.777, 22.193, 1.125, -7.552, 1, 171.682, 483899)
Airstrike(0.507, 1.853, 48.777, 23.124, 1.125, -7.276, 1, 172.838, 483399)
Airstrike(4.900, 1.874, 53.521, 24.905, 1.125, -5.875, 1, 175.480, 483399)
Airstrike(4.900, 1.874, 53.521, 19.109, 1.125, -7.671, 1, 168.860, 482899)
sell(14.763, 2.327, 24.264)
sell(11.233, 2.324, 27.224)
sell(8.163, 2.319, 26.202)
sell(5.780, 2.314, 24.019)
sell(4.445, 2.309, 20.086)
sell(10.721, 2.318, 20.156)
sell(7.582, 2.314, 19.969)
sell(8.751, 2.317, 22.861)
sell(11.638, 2.322, 24.180)
sell(14.526, 2.329, 27.292)
sell(17.668, 2.333, 27.203)
sell(18.753, 2.332, 24.296)
sell(22.007, 2.337, 24.046)
sell(20.727, 2.337, 26.831)
place(-4.240, 0.963, -3.377, "Militant", 532711)
upgrade(-4.240, 2.313, -3.377, 532111)
upgrade(-4.240, 2.313, -3.377, 531961)
upgrade(-4.240, 2.313, -3.377, 530917)
upgrade(-4.240, 2.313, -3.377, 527841)
upgrade(-4.240, 2.313, -3.377, 522053)
place(-3.531, 0.951, -0.032, "Militant", 522036)
upgrade(-3.531, 2.301, -0.032, 521436)
upgrade(-3.531, 2.301, -0.032, 521287)
upgrade(-3.531, 2.301, -0.032, 520242)
upgrade(-3.531, 2.301, -0.032, 517182)
upgrade(-3.531, 2.301, -0.032, 511386)
place(-4.097, 0.941, 3.021, "Militant", 511361)
upgrade(-4.097, 2.291, 3.021, 510761)
upgrade(-4.097, 2.291, 3.021, 510611)
upgrade(-4.097, 2.291, 3.021, 509580)
upgrade(-4.097, 2.291, 3.021, 506446)
upgrade(-4.097, 2.291, 3.021, 500779)
Airstrike(-4.180, 1.821, 48.694, 0.998, 1.125, -7.556, 1, 151.456, 500686)
Airstrike(-4.180, 1.821, 48.694, 0.810, 1.125, -7.567, 1, 149.773, 500186)
place(-4.844, 0.932, 5.931, "Militant", 500186)
upgrade(-4.844, 2.282, 5.931, 499586)
upgrade(-4.844, 2.282, 5.931, 499437)
upgrade(-4.844, 2.282, 5.931, 498391)
upgrade(-4.844, 2.282, 5.931, 495284)
upgrade(-4.844, 2.282, 5.931, 489593)
place(-10.636, 0.967, -1.330, "Militant", 489511)
upgrade(-10.636, 2.317, -1.330, 488911)
upgrade(-10.636, 2.317, -1.330, 488762)
upgrade(-10.636, 2.317, -1.330, 487716)
upgrade(-10.636, 2.317, -1.330, 484639)
upgrade(-10.636, 2.317, -1.330, 478866)
place(-10.175, 0.956, 1.698, "Militant", 478836)
upgrade(-10.175, 2.306, 1.698, 478236)
upgrade(-10.175, 2.306, 1.698, 478086)
upgrade(-10.175, 2.306, 1.698, 477042)
upgrade(-10.175, 2.306, 1.698, 473940)
upgrade(-10.175, 2.306, 1.698, 468191)
place(-10.829, 0.946, 4.839, "Militant", 468161)
upgrade(-10.829, 2.296, 4.839, 467561)
upgrade(-10.829, 2.296, 4.839, 467411)
upgrade(-10.829, 2.296, 4.839, 465639)
upgrade(-10.829, 2.296, 4.839, 463273)
upgrade(-10.829, 2.296, 4.839, 457529)
place(-10.520, 0.935, 8.039, "Militant", 457486)
upgrade(-10.520, 2.285, 8.039, 456886)
upgrade(-10.520, 2.285, 8.039, 456736)
upgrade(-10.520, 2.285, 8.039, 455703)
upgrade(-10.520, 2.285, 8.039, 452571)
upgrade(-10.520, 2.285, 8.039, 447063)
place(-13.967, 0.942, 7.716, "Militant", 446811)
upgrade(-13.967, 2.292, 7.716, 446211)
upgrade(-13.967, 2.292, 7.716, 446067)
upgrade(-13.967, 2.292, 7.716, 445016)
upgrade(-13.967, 2.292, 7.716, 441947)
upgrade(-13.967, 2.292, 7.716, 436155)
place(-14.441, 0.954, 4.509, "Militant", 436136)
upgrade(-14.441, 2.304, 4.509, 435536)
upgrade(-14.441, 2.304, 4.509, 435387)
upgrade(-14.441, 2.304, 4.509, 434344)
upgrade(-14.441, 2.304, 4.509, 431214)
upgrade(-14.441, 2.304, 4.509, 425524)
place(-14.848, 0.966, 1.034, "Militant", 425461)
upgrade(-14.848, 2.316, 1.034, 424861)
upgrade(-14.848, 2.316, 1.034, 424711)
upgrade(-14.848, 2.316, 1.034, 423664)
upgrade(-14.848, 2.316, 1.034, 420545)
upgrade(-14.848, 2.316, 1.034, 414961)
place(-17.456, 0.983, 5.189, "Militant", 414786)
upgrade(-17.456, 2.333, 5.189, 414186)
upgrade(-17.456, 2.333, 5.189, 414036)
upgrade(-17.456, 2.333, 5.189, 412995)
upgrade(-17.456, 2.333, 5.189, 410010)
upgrade(-17.456, 2.333, 5.189, 404125)
place(-17.944, 0.974, 8.406, "Militant", 404111)
upgrade(-17.944, 2.324, 8.406, 403511)
upgrade(-17.944, 2.324, 8.406, 403361)
upgrade(-17.944, 2.324, 8.406, 402320)
upgrade(-17.944, 2.324, 8.406, 399208)
upgrade(-17.944, 2.324, 8.406, 393466)
place(-18.980, 1.003, 0.523, "Militant", 393436)
upgrade(-18.980, 2.353, 0.523, 392836)
upgrade(-18.980, 2.353, 0.523, 392686)
upgrade(-18.980, 2.353, 0.523, 391641)
upgrade(-18.980, 2.353, 0.523, 388518)
upgrade(-18.980, 2.353, 0.523, 382799)
place(-10.996, 0.980, -4.923, "Militant", 382761)
upgrade(-10.996, 2.330, -4.923, 382161)
upgrade(-10.996, 2.330, -4.923, 382011)
upgrade(-10.996, 2.330, -4.923, 380967)
upgrade(-10.996, 2.330, -4.923, 377840)
upgrade(-10.996, 2.330, -4.923, 372283)
Airstrike(0.507, 1.853, 48.777, -12.223, 1.125, 16.710, 1, 113.226, 372086)
Airstrike(0.507, 1.853, 48.777, -12.784, 1.125, 16.754, 1, 113.226, 371586)
Airstrike(5.022, 1.870, 48.875, 0.000, 0.000, 0.000, 1, 0.000, 371586)
Airstrike(5.022, 1.870, 48.875, 0.000, 0.000, 0.000, 1, 0.000, 371086)
sell(17.807, 2.337, 3.147)
sell(17.741, 2.329, 6.495)
sell(17.119, 2.316, 10.073)
sell(19.695, 2.313, 14.807)
sell(22.615, 2.328, 13.536)
sell(22.253, 2.331, 16.839)
sell(19.171, 2.328, 18.237)
sell(16.745, 2.291, 16.418)
sell(15.327, 2.296, 13.663)
sell(12.060, 2.282, 13.223)
sell(14.189, 2.300, 10.782)
sell(8.063, 2.274, 10.076)
sell(8.988, 2.267, 13.355)
sell(5.735, 2.259, 13.648)
sell(2.498, 2.271, 13.706)
sell(12.688, 2.325, 1.484)
sell(10.201, 2.321, -0.922)
sell(12.388, 2.336, -3.623)
place(-21.014, 0.996, 3.473, "Militant", 452630)
upgrade(-21.014, 2.346, 3.473, 454530)
upgrade(-21.014, 2.346, 3.473, 456638)
upgrade(-21.014, 2.346, 3.473, 455831)
upgrade(-21.014, 2.346, 3.473, 452740)
upgrade(-21.014, 2.346, 3.473, 447089)
place(-20.881, 0.980, -6.280, "Militant", 446955)
upgrade(-20.881, 2.330, -6.280, 448855)
upgrade(-20.881, 2.330, -6.280, 448705)
upgrade(-20.881, 2.330, -6.280, 447661)
upgrade(-20.881, 2.330, -6.280, 444584)
upgrade(-20.881, 2.330, -6.280, 438817)
place(-17.724, 0.981, -6.613, "Militant", 441280)
upgrade(-17.724, 2.331, -6.613, 443180)
upgrade(-17.724, 2.331, -6.613, 443030)
upgrade(-17.724, 2.331, -6.613, 441981)
upgrade(-17.724, 2.331, -6.613, 438923)
upgrade(-17.724, 2.331, -6.613, 435318)
place(-24.222, 1.008, -6.399, "Militant", 438103)
upgrade(-24.222, 2.358, -6.399, 440005)
upgrade(-24.222, 2.358, -6.399, 439855)
upgrade(-24.222, 2.358, -6.399, 440255)
upgrade(-24.222, 2.358, -6.399, 438223)
upgrade(-24.222, 2.358, -6.399, 432470)
upgrade(-24.222, 2.358, -6.399, 432431)
place(-21.663, 0.982, -9.267, "Militant", 432430)
upgrade(-21.663, 2.332, -9.267, 436704)
upgrade(-21.663, 2.332, -9.267, 436681)
upgrade(-21.663, 2.332, -9.267, 435633)
upgrade(-21.663, 2.332, -9.267, 432514)
upgrade(-21.663, 2.332, -9.267, 429218)
place(-18.963, 0.982, -10.655, "Militant", 429255)
upgrade(-18.963, 2.332, -10.655, 431155)
upgrade(-18.963, 2.332, -10.655, 432938)
upgrade(-18.963, 2.332, -10.655, 432474)
upgrade(-18.963, 2.332, -10.655, 429407)
upgrade(-18.963, 2.332, -10.655, 426066)
place(-20.509, 0.984, -15.344, "Militant", 438580)
upgrade(-20.509, 2.334, -15.344, 437980)
upgrade(-20.509, 2.334, -15.344, 437831)
upgrade(-20.509, 2.334, -15.344, 439047)
upgrade(-20.509, 2.334, -15.344, 436174)
upgrade(-20.509, 2.334, -15.344, 430424)
place(-11.063, 0.982, -9.984, "Militant", 430405)
upgrade(-11.063, 2.332, -9.984, 432305)
upgrade(-11.063, 2.332, -9.984, 432155)
upgrade(-11.063, 2.332, -9.984, 433535)
upgrade(-11.063, 2.332, -9.984, 430488)
upgrade(-11.063, 2.332, -9.984, 424981)
upgrade(-11.063, 2.332, -9.984, 424731)
place(-28.311, 0.986, -21.121, "Militant", 424730)
upgrade(-28.311, 2.336, -21.121, 427915)
upgrade(-28.311, 2.336, -21.121, 428978)
upgrade(-28.311, 2.336, -21.121, 427938)
upgrade(-28.311, 2.336, -21.121, 424808)
upgrade(-28.311, 2.336, -21.121, 419129)
place(-28.554, 0.988, -24.845, "Militant", 421479)
upgrade(-28.554, 2.338, -24.845, 420955)
upgrade(-28.554, 2.338, -24.845, 420806)
upgrade(-28.554, 2.338, -24.845, 419761)
upgrade(-28.554, 2.338, -24.845, 416662)
upgrade(-28.554, 2.338, -24.845, 410910)
place(-29.403, 0.989, -28.213, "Militant", 410880)
upgrade(-29.403, 2.339, -28.213, 410280)
upgrade(-29.403, 2.339, -28.213, 410130)
upgrade(-29.403, 2.339, -28.213, 409119)
upgrade(-29.403, 2.339, -28.213, 405956)
upgrade(-29.403, 2.339, -28.213, 400377)
place(-37.808, 0.988, -25.241, "Militant", 400205)
upgrade(-37.808, 2.338, -25.241, 399605)
upgrade(-37.808, 2.338, -25.241, 399456)
upgrade(-37.808, 2.338, -25.241, 398415)
upgrade(-37.808, 2.338, -25.241, 395298)
upgrade(-37.808, 2.338, -25.241, 389548)
place(-35.225, 0.985, -18.051, "Militant", 389530)
upgrade(-35.225, 2.335, -18.051, 388930)
upgrade(-35.225, 2.335, -18.051, 388781)
upgrade(-35.225, 2.335, -18.051, 387733)
upgrade(-35.225, 2.335, -18.051, 384625)
upgrade(-35.225, 2.335, -18.051, 378863)
place(-41.935, 0.987, -21.714, "Militant", 378855)
place(-41.837, 0.985, -17.739, "Militant", 378255)
place(-42.073, 0.983, -13.957, "Militant", 381166)
place(-45.770, 0.984, -15.978, "Militant", 381770)
place(-45.699, 0.986, -20.878, "Militant", 383056)
upgrade(-45.699, 2.336, -20.878, 382456)
upgrade(-45.699, 2.336, -20.878, 382306)
upgrade(-45.699, 2.336, -20.878, 381273)
upgrade(-45.699, 2.336, -20.878, 378148)
upgrade(-45.770, 2.334, -15.978, 372488)
upgrade(-45.770, 2.334, -15.978, 372231)
upgrade(-45.770, 2.334, -15.978, 371200)
Airstrike(-4.180, 1.821, 48.694, -33.500, 1.125, -24.586, 1, 8.460, 368056)
Airstrike(-4.180, 1.821, 48.694, -33.500, 1.125, -30.214, 1, 3.060, 367556)
Airstrike(0.507, 1.853, 48.777, -33.500, 1.125, -31.530, 1, 3.060, 367556)
Airstrike(0.507, 1.853, 48.777, -33.500, 1.125, -26.398, 1, 8.460, 367056)
Airstrike(5.022, 1.870, 48.875, 0.000, 0.000, 0.000, 1, 0.000, 367056)
Airstrike(5.022, 1.870, 48.875, -38.820, 1.125, -21.170, 1, 19.135, 366556)
Airstrike(-0.396, 1.833, 53.548, -38.801, 1.125, -20.460, 1, 19.577, 366556)
Airstrike(-0.396, 1.833, 53.548, -38.508, 1.125, -18.592, 1, 21.593, 366056)
Airstrike(4.900, 1.874, 53.521, -38.546, 1.125, -17.825, 1, 22.563, 366056)
Airstrike(4.900, 1.874, 53.521, 0.000, 0.000, 0.000, 1, 23.733, 365556)
