place(7.834, 1.037, -23.340, "Engineer", 600)
upgrade(7.834, 2.387, -23.340, 437)
place(12.259, 1.037, -28.371, "Engineer", 638)
upgrade(12.259, 2.387, -28.371, 564)
place(9.471, 1.037, -30.122, "Engineer", 937)
upgrade(9.471, 2.387, -30.122, 515)
place(7.510, 1.037, -20.327, "Engineer", 927)
upgrade(7.510, 2.387, -20.327, 530)
place(13.145, 1.037, -25.325, "Engineer", 1090)
upgrade(13.145, 2.387, -25.325, 719)
place(10.484, 1.037, -19.617, "Engineer", 673)
upgrade(10.484, 2.387, -19.617, 810)
upgrade(13.145, 2.387, -25.325, 1758)
upgrade(10.484, 2.387, -19.617, 1775)
upgrade(7.834, 2.387, -23.340, 1545)
upgrade(9.471, 2.387, -30.122, 1602)
place(15.324, 1.037, -28.131, "Commander", 652)
upgrade(15.324, 2.737, -28.131, 757)
upgrade(15.324, 2.737, -28.131, 2530)
upgrade(12.259, 2.387, -28.371, 1573)
CommanderAbility(15.324, 2.737, -28.131, 773)
place(-4.474, 1.000, 37.963, "Trapper", 1206)
upgrade(-4.474, 2.350, 37.963, 706)
place(-5.780, 1.000, 34.539, "Trapper", 1383)
upgrade(-5.780, 2.350, 34.539, 883)
place(1.351, 1.000, 40.080, "Trapper", 583)
upgrade(1.351, 2.350, 40.080, 1685)
place(-0.371, 1.000, 27.614, "Trapper", 1185)
upgrade(-0.371, 2.350, 27.614, 685)
place(1.733, 1.000, 34.655, "Trapper", 585)
