place(-2.397, 1.000, 1.902, "Trapper", 600)
place(11.246, 1.000, -32.357, "Trapper", 670)
upgrade(11.246, 2.350, -32.357, 1455)
place(5.600, 1.000, -16.076, "Minigunner", 1868)
upgrade(5.600, 2.350, -16.076, 1164)
upgrade(5.600, 2.350, -16.076, 2488)
place(8.632, 1.000, -14.784, "Minigunner", 2975)
upgrade(8.632, 2.350, -14.784, 1141)
upgrade(8.632, 2.350, -14.784, 749)
upgrade(8.632, 2.350, -14.784, 757)
upgrade(8.632, 2.350, -14.784, 757)
upgrade(8.632, 2.350, -14.784, 757)
upgrade(8.632, 2.350, -14.784, 757)
upgrade(8.632, 2.350, -14.784, 807)
upgrade(8.632, 2.350, -14.784, 2946)
place(9.053, 1.000, -19.511, "Commander", 1496)
upgrade(9.053, 2.700, -19.511, 901)
upgrade(9.053, 2.700, -19.511, 2926)
upgrade(11.246, 2.350, -32.357, 2802)
place(14.373, 1.000, -30.993, "Trapper", 1712)
upgrade(14.373, 2.350, -30.993, 953)
upgrade(14.373, 2.350, -30.993, 822)
upgrade(14.373, 2.350, -30.993, 3017)
place(12.783, 1.000, -21.138, "DJ Booth", 1717)
place(-2.505, 1.000, -2.388, "Minigunner", 3873)
upgrade(-2.505, 2.350, -2.388, 2073)
upgrade(-2.505, 2.350, -2.388, 1698)
place(-8.737, 1.000, -10.530, "Minigunner", 3218)
upgrade(-8.737, 2.350, -10.530, 1430)
upgrade(-8.737, 2.350, -10.530, 1641)
upgrade(-2.397, 2.350, 1.902, 716)
